650
650
-1528.7147746953553
-1207.8003124222764
-93.9961311263494
-1592.060141427368
35.83904025604141
-19.52330456330813
-1455.4766541777592
-31.607203478875206
-48.863449504371275
53.82829900439737
23.9778402333786
-1613.2045179724043
-446.3153762350379
39.882975168345276
-29.8867017242667
-1358.4939006783184
-1484.1050194446418
-269.4639771612043
10.754662574408727
-19.29907383351275
-2523.7545284137304
64.05144790938965
-2390.1415145868064
-2602.553358664222
-2604.0440069347646
-2.942767633394041
-2083.678088232799
-2559.2029180400373
-2616.053911983539
-2120.581159669954
-2914.8461081058417
-2291.673568269255
-2748.231141168655
-2500.715816512157
-2382.3014126553403
-2125.0847397747457
53.87858696534375
-2277.82453621021
61.35625541125889
-2426.152527971048
-1866.3167409994737
-2437.273939209038
-2418.0815619686496
-11.593148246150449
-2499.691689961214
-2763.43175374346
-2591.1395863011453
48.317756783974374
-2206.1327596037813
-2172.7721261139563
-43.455963062904445
-2861.352412275968
68.37471258743614
-2970.9705127238863
-2584.6157995481817
-2537.744459708977
-2267.037923155336
-17.906153123608803
64.28078170400643
3.939595358674822
-2671.203184722033
-2336.5777466863524
61.1285739714562
-2010.1350707119207
-2021.857752856055
-2517.7490207650408
-2662.5144039451034
39.156988548582326
36.32307124967241
-2600.2540237949784
-2745.5794093162217
-2862.2260903979823
-2361.9971478300567
61.19021993579948
-2663.5642671884298
-2973.3320309754604
-2396.1400942098294
-2403.0340032944114
-2601.6719503270456
-2674.2721392316134
-2512.832529825223
-2783.929850102522
-2441.0947609960735
-2991.704450303746
-2582.2883361195873
-2080.7145884544225
-2884.397688716849
-2548.035650298303
-2299.430749561129
-2057.6990527864896
-1936.7736557370908
-2797.1097210181542
-3.478820023203923
-2317.1315587321533
32.18604230194002
68.43717455504584
-2129.941685570548
-2154.37038626876
-44.91141428179655
-2457.5017754716423
-2145.1131462894487
-2797.455968483749
-2157.7851553406126
-2019.6416622721183
62.708474788950554
-2184.34719159062
-2238.1413582823243
-2495.181101002083
30.684041892769912
-21.366075202278594
-2626.579662497138
-2716.934706550912
-2874.959716808647
-2044.2749270481186
-2267.2442048795683
-2057.781553325165
-127.78338720420535
-2394.7370069392423
-2508.5516057934638
13.948873314653227
-2056.975565673787
-2753.801366701959
-2421.985195096335
-2736.671421012704
-2941.7295046739346
-1954.8020924071645
16.13437834394979
13.62069791712564
-2778.0083944995463
-2597.2856746629386
-2181.311496824332
23.1777691287907
-2619.3229131324197
-2260.9695404447066
-2774.5522026311546
-2292.7276499425902
-1866.8971465667908
-57.533544958923756
-30.751035140653983
13.929401121301936
26.28014623276674
-2567.2569506225086
-2772.712197560978
-2885.967262083781
67.11815981391966
-1894.4416570771702
-2389.1893026592793
-2157.2346023683926
-2102.9132743638584
-2453.51323680746
-1862.6075886395888
-2691.7631099279515
-27.32873906633013
0.9779992218407472
-2341.3854793815444
61.90545870880965
-2875.0054075012754
-2851.9989097801595
-2275.5112268281323
-2837.640222265816
-2084.293011785842
76.4434238173032
-2041.2167010330986
-2804.9436394579657
-2730.0409983721975
-2443.8324074356333
50.07770182031149
-2476.503393630077
-2483.1937693256514
-2107.2303887555586
-2710.759020792953
-2482.820482287788
-2398.3315408650647
-2670.4804510151025
50.58623812559271
-2298.3499613485424
-40.37515159010064
10.750682428329739
-2343.685853069347
-2274.1680960371145
-2627.6383451769616
-2464.9544215765955
-2295.0992544164496
-2560.4417281081983
-2300.868311503374
-2248.922080231245
-7.042538387792334
-2051.1839539277375
-10.341754300542021
-2610.143196849609
-2796.3471428442645
26.746278556512237
-2581.213180608741
-2757.3140422591464
-2528.2776452263824
-32.68857985379171
-136.6628519848807
-2783.8929583058375
-2599.5246101497855
-2738.004828552946
-2016.407410129638
16.82967635809861
-2619.8389778230417
-2324.084543941128
-102.25318954656534
-2733.6581749635234
22.643010245322856
49.883871631774
-2132.273966979415
-2515.2749329704056
-2760.9485979390256
12.132120978269953
-2270.828040035832
-2071.560143476205
-4.610417104791523
40.05594402375507
-2555.3190773254246
-140.42225677063487
-69.68613721210421
-2363.3935094692647
-2604.907974807139
-2224.0973216150396
-15.012391744339283
-95.50726081013664
-2641.208759443061
-40.06363345817408
-1874.9947557408293
-2311.2979523368613
-2289.3733538630586
55.38163695441722
-2645.500546293101
-2112.3222388242875
-2380.0994646142394
-2043.669143571196
-2014.6023675472466
-2234.829263472446
-181.1615103755435
-1947.636486307327
35.272272801806984
-2753.0591388034336
-27.21226581364978
-2579.791150268258
74.75796620106647
-2649.3544538173637
-2378.395814739318
-2545.779888861514
38.81985902746692
-1901.3647702569697
-2571.130915995873
-2241.6106777903587
23.802945348956825
-2301.754059181565
-2538.30492963815
-1930.34187314416
-2375.943151254417
-2416.282182862059
-67.5199883267505
-98.00302856161645
-2686.9925317281063
-2243.5874745738515
-2705.6039624323507
-55.13977139020787
-2601.165136940891
-2806.4858072493043
56.051610774944294
-141.8792139595085
-2360.3297259850724
-2528.871222790062
-2561.5409441436177
-1980.957362449411
-2747.7940788931796
-26.027107187567026
45.06935868348296
-2381.6849174971403
-51.52833669930145
-2576.459266465546
-2057.6718975920785
-2892.116302082158
-2293.855449805937
-2977.1921851564875
-23.834184913184316
-2243.4990795004587
61.94805502682541
-2248.671985270295
-2373.8278310584383
4.9508056820120885
-73.13500333249904
-2267.8260194643203
-2525.9077910241426
8.835372534264707
-2538.21374054435
-2609.765982824864
-36.72329337591847
8.203467513853695
-1936.5255806807631
0.2840060205113417
-249.37660220531802
-2386.8876421528003
-2551.691367580899
-2358.3933223185263
